237 248 237 246 238 245 240 242 242 240 245 238 246 237 248 237
248 245 248 246 248 246 247 247 247 247 246 248 246 248 245 248
237 248 238 246 217 131  10   8   8  43 214 238 246 238 248 237
246 246 246 181  11   8   8   8   8   8   7 120 248 246 246 246
237 248 217  12   8   8   8   8   8   8   8   8 120 237 248 237
245 246 138   8   8   8   8   8   8   8   8   8   6 222 246 245
240 247   9   8   8   8   8   8   8   8   8   8   8 198 247 240
243 247   8   8   8   8   8   8   8   8   8   8   8   5 247 243
243 247   8   8   8   8   8   8   8   8   8   8   8   2 247 243
240 247   7   8   8   8   8   8   8   8   8   8   8 227 247 240
245 246 130   7   8   8   8   8   8   8   8   8   9 223 246 245
237 248 221  33   8   8   8   8   8   8   8   8 119 237 248 237
246 246 246 180 123   8   8   8   8   8   7 119 246 246 246 246
237 248 238 246 239 222  41   9   8 144 222 237 246 238 248 237
248 245 248 246 248 246 247 247 247 247 246 248 246 248 245 248
237 248 237 246 238 245 240 242 242 240 245 238 246 237 248 237
237 248 237 246 238 245 240 242 242 240 245 238 246 237 248 237
248 245 248 246 248 246 247 247 247 247 246 248 246 248 245 248
237 248 238 246 217 131  10   7   8  42 214 238 246 238 248 237
246 246 246 181  10   7   7   7   7   7   6 120 248 246 246 246
237 248 217  11   7   7   7   7   7   7   7   7 120 237 248 237
245 246 138   7   7   7   7   7   7   7   7   7   6 222 246 245
240 247   8   7   7   7   7   7   7   7   7   7   7 198 247 240
243 247   7   7   7   7   7   7   7   7   7   7   7   5 247 243
243 247   7   7   7   7   7   7   7   7   7   7   7   2 247 243
240 247   6   7   7   7   7   7   7   7   7   7   7 227 247 240
245 246 130   7   7   7   7   7   7   7   7   7   9 223 246 245
237 248 221  33   7   7   7   7   7   7   7   7 119 237 248 237
246 246 246 181 122   8   7   7   7   7   7 119 246 246 246 246
237 248 238 246 239 222  41  10   8 144 222 237 246 238 248 237
248 245 248 246 248 246 247 247 247 247 246 248 246 248 245 248
237 248 237 246 238 245 240 242 242 240 245 238 246 237 248 237
237 248 237 246 238 245 240 242 242 240 245 238 246 237 248 237
248 245 248 246 248 246 247 247 247 247 246 248 246 248 245 248
237 248 238 246 216 129   6   3   4  40 213 238 246 238 248 237
246 246 246 180   7   3   3   3   3   3   2 118 248 246 246 246
237 248 216   7   3   3   3   3   3   3   3   3 116 237 248 237
245 246 135   3   3   3   3   3   3   3   3   3   2 222 246 245
240 247   4   3   3   3   3   3   3   3   3   3   3 198 247 240
243 247   3   3   3   3   3   3   3   3   3   3   3   4 247 243
243 247   3   3   3   3   3   3   3   3   3   3   3   2 247 243
240 247   2   3   3   3   3   3   3   3   3   3   3 227 247 240
245 246 129   3   3   3   3   3   3   3   3   3   6 223 246 245
237 248 221  31   3   3   3   3   3   3   3   4 119 237 248 237
246 246 246 180 120   4   3   3   3   3   4 119 246 246 246 246
237 248 238 246 239 222  40   6   7 143 222 237 246 238 248 237
248 245 248 246 248 246 247 247 247 247 246 248 246 248 245 248
237 248 237 246 238 245 240 242 242 240 245 238 246 237 248 237

237 248 237 246 237 245 240 243 243 240 245 237 246 237 248 237
248 245 248 246 248 246 247 247 247 247 246 248 246 248 245 248
237 248 238 246 237 222 198   5   2 227 223 237 246 238 248 237
246 246 246 248 120   6   8   8   8   8   9 119 246 246 246 246
238 248 238 120   8   8   8   8   8   8   8   8 119 237 248 238
245 246 214   7   8   8   8   8   8   8   8   8   7 222 246 245
240 247  43   8   8   8   8   8   8   8   8   8   8 144 247 240
242 247   8   8   8   8   8   8   8   8   8   8   8   8 247 242
242 247   8   8   8   8   8   8   8   8   8   8   8   9 247 242
240 247  10   8   8   8   8   8   8   8   8   8   8  41 247 240
245 246 131   8   8   8   8   8   8   8   8   8   8 222 246 245
238 248 217  11   8   8   8   8   8   8   8   8 123 239 248 238
246 246 246 181  12   8   8   8   8   8   7  33 180 246 246 246
237 248 238 246 217 138   9   8   8   7 130 221 246 238 248 237
248 245 248 246 248 246 247 247 247 247 246 248 246 248 245 248
237 248 237 246 237 245 240 243 243 240 245 237 246 237 248 237
237 248 237 246 237 245 240 243 243 240 245 237 246 237 248 237
248 245 248 246 248 246 247 247 247 247 246 248 246 248 245 248
237 248 238 246 237 222 198   5   2 227 223 237 246 238 248 237
246 246 246 248 120   6   7   7   7   7   9 119 246 246 246 246
238 248 238 120   7   7   7   7   7   7   7   7 119 237 248 238
245 246 214   6   7   7   7   7   7   7   7   7   7 222 246 245
240 247  42   7   7   7   7   7   7   7   7   7   7 144 247 240
242 247   8   7   7   7   7   7   7   7   7   7   7   8 247 242
242 247   7   7   7   7   7   7   7   7   7   7   7  10 247 242
240 247  10   7   7   7   7   7   7   7   7   7   7  41 247 240
245 246 131   7   7   7   7   7   7   7   7   7   8 222 246 245
238 248 217  10   7   7   7   7   7   7   7   7 122 239 248 238
246 246 246 181  11   7   7   7   7   7   7  33 181 246 246 246
237 248 238 246 217 138   8   7   7   6 130 221 246 238 248 237
248 245 248 246 248 246 247 247 247 247 246 248 246 248 245 248
237 248 237 246 237 245 240 243 243 240 245 237 246 237 248 237
237 248 237 246 237 245 240 243 243 240 245 237 246 237 248 237
248 245 248 246 248 246 247 247 247 247 246 248 246 248 245 248
237 248 238 246 237 222 198   4   2 227 223 237 246 238 248 237
246 246 246 248 116   2   3   3   3   3   6 119 246 246 246 246
238 248 238 118   3   3   3   3   3   3   3   4 119 237 248 238
245 246 213   2   3   3   3   3   3   3   3   3   4 222 246 245
240 247  40   3   3   3   3   3   3   3   3   3   3 143 247 240
242 247   4   3   3   3   3   3   3   3   3   3   3   7 247 242
242 247   3   3   3   3   3   3   3   3   3   3   3   6 247 242
240 247   6   3   3   3   3   3   3   3   3   3   3  40 247 240
245 246 129   3   3   3   3   3   3   3   3   3   4 222 246 245
238 248 216   7   3   3   3   3   3   3   3   3 120 239 248 238
246 246 246 180   7   3   3   3   3   3   3  31 180 246 246 246
237 248 238 246 216 135   4   3   3   2 129 221 246 238 248 237
248 245 248 246 248 246 247 247 247 247 246 248 246 248 245 248
237 248 237 246 237 245 240 243 243 240 245 237 246 237 248 237

241 250 239 248 238 246 240 243 242 241 245 239 247 239 250 240
250 242 251 243 251 245 250 247 248 249 246 250 243 251 242 250
239 251 238 249 235 206 127  55  42  94 182 228 248 237 250 238
248 243 249 236 113  29   8   8   8   8   9  79 206 249 243 248
238 251 235 116   8   8   8   8   8   8   8   8  67 229 250 238
246 245 214  33   8   8   8   8   8   8   8   8   7 141 245 246
240 250 150   7   8   8   8   8   8   8   8   8   8  17 242 240
243 247  92   8   8   8   8   8   8   8   8   8   8   8 214 243
242 248  86   8   8   8   8   8   8   8   8   8   8   8 212 242
241 249 141   8   8   8   8   8   8   8   8   8   8  16 235 241
245 246 205  24   8   8   8   8   8   8   8   8   8 119 246 245
239 250 234 101   7   8   8   8   8   8   8   8  45 224 250 239
247 243 248 226  96  11   8   8   8   8   8  51 187 247 244 248
239 251 237 249 233 186  59   7   8  23 139 227 247 237 250 238
250 242 250 243 250 245 249 234 229 246 246 250 244 250 242 250
240 250 238 248 238 246 240 243 242 241 245 239 248 238 250 240
241 250 239 248 238 246 240 243 242 241 245 239 247 239 250 240
250 242 251 243 251 245 250 247 248 249 246 250 243 251 242 250
239 251 238 249 235 206 127  55  42  93 182 228 248 237 250 238
248 243 249 236 112  28   6   7   7   7   8  79 206 249 243 248
238 251 235 116   7   7   7   7   7   7   7   7  66 229 250 238
246 245 214  33   7   7   7   7   7   7   7   7   6 140 245 246
240 250 150   6   7   7   7   7   7   7   7   7   7  15 242 240
243 247  91   7   7   7   7   7   7   7   7   7   7   6 214 243
242 248  85   7   7   7   7   7   7   7   7   7   7   7 212 242
241 249 140   7   7   7   7   7   7   7   7   7   7  15 235 241
245 246 205  23   7   7   7   7   7   7   7   7   7 119 246 245
239 250 234 100   6   7   7   7   7   7   7   7  44 224 250 239
247 243 248 226  96  10   7   7   7   7   7  50 187 247 244 248
239 251 237 249 233 186  59   6   6  22 138 227 247 237 250 238
250 242 250 243 250 245 249 234 229 246 246 250 244 250 242 250
240 250 238 248 238 246 240 243 242 241 245 239 248 238 250 240
241 250 239 248 238 246 240 243 242 241 245 239 247 239 250 240
250 242 251 243 251 245 250 247 248 249 246 250 243 251 242 250
239 251 238 249 235 206 125  53  39  91 181 228 248 237 250 238
248 243 249 236 111  24   3   3   3   3   4  76 205 249 243 248
238 251 235 115   3   3   3   3   3   3   3   3  64 229 250 238
246 245 214  29   3   3   3   3   3   3   3   3   2 139 245 246
240 250 149   2   3   3   3   3   3   3   3   3   3  12 242 240
243 247  90   3   3   3   3   3   3   3   3   3   3   3 214 243
242 248  84   3   3   3   3   3   3   3   3   3   3   3 212 242
241 249 138   2   3   3   3   3   3   3   3   3   3  11 235 241
245 246 204  19   3   3   3   3   3   3   3   3   3 117 246 245
239 250 234  97   2   3   3   3   3   3   3   3  41 224 250 239
247 243 248 225  93   7   3   3   3   3   3  47 186 247 244 248
239 251 237 249 233 185  56   2   3  19 136 227 247 237 250 238
250 242 250 243 250 245 249 234 229 246 246 250 244 250 242 250
240 250 238 248 238 246 240 243 242 241 245 239 248 238 250 240

241 250 239 248 239 246 241 243 243 241 246 239 248 239 250 241
250 242 251 244 251 246 242 214 211 235 246 251 244 251 242 250
239 251 238 248 227 140  19   8   8  14 113 219 248 238 251 239
248 244 249 206  67   8   8   8   8   8   8  40 181 248 244 248
239 251 230  82   8   8   8   8   8   8   8   8  46 222 251 239
246 246 187  10   8   8   8   8   8   8   8   8   8 132 246 246
241 250  95   8   8   8   8   8   8   8   8   8   8  21 247 241
243 248  44   8   8   8   8   8   8   8   8   8   8   8 229 243
243 248  58   8   8   8   8   8   8   8   8   8   8   7 235 243
241 250 134   8   8   8   8   8   8   8   8   8   8  61 250 241
246 246 213  32   8   8   8   8   8   8   8   8  12 183 246 246
239 251 236 123   9   8   8   8   8   8   8   8  95 233 251 239
248 244 249 238 126  37   8   8   8   8  24 104 226 249 244 248
239 251 238 249 237 220 158  96  89 144 210 235 249 238 251 239
250 242 251 244 251 246 250 248 248 250 246 251 244 251 242 250
241 250 239 248 239 246 241 243 243 241 246 239 248 239 250 241
241 250 239 248 239 246 241 243 243 241 246 239 248 239 250 241
250 242 251 244 251 246 242 214 210 235 246 251 244 251 242 250
239 251 238 248 227 139  18   6   7  13 113 219 248 238 251 239
248 244 249 206  66   7   7   7   7   7   7  39 181 248 244 248
239 251 230  81   7   7   7   7   7   7   7   7  45 222 251 239
246 246 187   9   7   7   7   7   7   7   7   7   7 132 246 246
241 250  94   7   7   7   7   7   7   7   7   7   7  20 247 241
243 248  44   7   7   7   7   7   7   7   7   7   7   6 229 243
243 248  57   7   7   7   7   7   7   7   7   7   7   6 235 243
241 250 134   7   7   7   7   7   7   7   7   7   7  60 250 241
246 246 213  31   7   7   7   7   7   7   7   7  11 182 246 246
239 251 236 122   8   7   7   7   7   7   7   7  94 233 251 239
248 244 249 238 126  37   7   7   7   7  24 103 226 249 244 248
239 251 238 249 237 220 157  95  88 143 210 235 249 238 251 239
250 242 251 244 251 246 250 248 248 250 246 251 244 251 242 250
241 250 239 248 239 246 241 243 243 241 246 239 248 239 250 241
241 250 239 248 239 246 241 243 243 241 246 239 248 239 250 241
250 242 251 244 251 246 242 214 210 235 246 251 244 251 242 250
239 251 238 248 227 138  14   3   3   9 111 219 248 238 251 239
248 244 249 205  64   3   3   3   3   3   3  36 180 248 244 248
239 251 230  79   3   3   3   3   3   3   3   3  42 221 251 239
246 246 186   5   3   3   3   3   3   3   3   3   3 129 246 246
241 250  93   3   3   3   3   3   3   3   3   3   3  17 247 241
243 248  41   3   3   3   3   3   3   3   3   3   3   3 229 243
243 248  56   3   3   3   3   3   3   3   3   3   3   2 235 243
241 250 132   3   3   3   3   3   3   3   3   3   3  58 250 241
246 246 213  28   3   3   3   3   3   3   3   3   7 182 246 246
239 251 236 122   5   3   3   3   3   3   3   3  92 233 251 239
248 244 249 238 125  33   3   3   3   3  20 101 226 249 244 248
239 251 238 249 237 220 157  94  87 142 209 235 249 238 251 239
250 242 251 244 251 246 250 248 248 250 246 251 244 251 242 250
241 250 239 248 239 246 241 243 243 241 246 239 248 239 250 241
